28,3
28,2
28,1
28,0
0,384
0,319
0,318
27,4
27,3
27,2
27,1
27,0
0,317
0,316
26,4
26,3
26,2
0,283
0,243
26,1
26,0
25,3
25,2
0,9
25,1
25,0
24,52
24,51
24,50
24,49
24,48
24,47
24,46
24,45
24,44
24,43
24,42
24,41
24,40
24,39
24,38
24,37
24,36
24,35
3,1
3,3
10,169
10,99
10,167
10,210
10,182
11,16
11,10
11,4
9,7
9,5
8,13
8,5
8,12
8,8
20,3
20,2
20,1
19,3
19,2
19,1
12,3
12,2
12,1
11,30
11,29
11,28
11,27
11,26
11,25
11,24
11,23
11,22
11,21
11,15
11,12
11,3
11,2
11,1
10,314
10,313
10,312
10,311
10,310
10,309
10,308
